3 373
3 268
3 217
4 587
4 671
4 834
4 780
4 811
4 579
4 231
4 387
4 234
4 135
4 336
4 173
4 971
4 240
4 632
4 370
4 502
4 551
4 195
4 334
4 525
4 67
4 244
4 603
4 905
4 58
4 386
4 373
4 593
4 524
4 72
4 895
4 131
4 471
4 464
4 55
4 923
4 170
4 56
4 889
4 203
4 585
4 737
4 235
4 501
4 977
4 909
4 9
4 801
4 706
4 76
4 90
4 795
4 518
4 252
4 325
4 939
4 307
4 514
4 753
4 952
4 233
7 249
7 142
9 870
9 697
11 525
12 303
12 401
12 332
12 130
12 977
12 164
12 958
12 218
12 190
13 793
13 614
13 899
13 23
15 550
15 952
15 811
16 103
16 266
20 106
23 57
23 607
23 544
23 760
23 373
23 943
23 603
23 166
23 667
23 944
23 671
23 929
23 774
23 771
23 991
23 566
23 654
23 233
23 742
23 948
23 136
23 974
23 451
23 258
23 1
23 125
23 847
23 572
25 80
25 112
25 811
25 1023
25 15
25 706
25 269
25 451
25 923
25 217
25 195
25 675
25 603
25 929
25 671
25 379
25 632
25 214
25 82
26 785
33 781
33 12
33 295
33 72
33 959
33 55
33 336
33 525
33 834
33 487
33 593
33 258
33 524
33 188
33 895
33 130
33 460
33 170
33 550
33 203
33 780
34 280
34 203
34 358
34 707
34 912
34 23
34 579
34 517
35 943
35 130
35 268
39 615
39 426
41 757
41 131
41 785
41 336
41 409
41 680
41 473
42 974
42 878
42 525
42 756
44 603
46 266
49 525
55 231
55 188
55 888
55 121
55 23
55 258
55 770
55 493
55 235
55 325
55 994
55 525
55 927
55 39
55 244
55 299
55 779
55 867
55 721
55 483
55 377
55 1010
55 780
55 464
55 671
55 642
55 268
55 645
55 785
55 703
55 710
55 924
55 472
55 560
55 412
55 80
55 215
55 899
55 952
55 479
55 59
55 8
55 1006
55 559
56 386
56 588
56 718
56 233
56 986
56 899
56 811
56 912
56 834
56 879
56 170
56 411
56 23
56 604
56 689
56 103
56 268
56 716
56 477
56 994
56 977
56 231
56 534
56 679
56 585
56 230
56 355
56 74
56 147
56 662
56 121
56 774
56 907
56 166
56 272
57 855
58 233
58 487
59 725
60 895
60 387
60 927
63 451
63 336
63 295
63 939
63 217
63 140
66 293
68 912
70 295
70 440
70 656
72 272
72 295
72 359
72 572
72 61
72 697
72 373
74 708
74 265
74 231
74 414
74 509
74 832
74 125
74 1013
74 66
74 23
74 103
74 313
74 525
74 697
74 203
74 903
74 272
76 623
76 479
76 141
76 703
76 952
76 811
76 12
76 414
76 188
76 643
76 373
76 785
76 199
76 203
76 295
76 627
78 203
78 952
78 888
78 1013
78 727
78 373
78 439
78 757
78 842
78 487
78 632
80 910
80 817
80 174
80 506
80 550
80 267
80 93
80 63
80 387
80 497
80 407
80 592
80 525
80 217
80 390
80 59
80 293
80 495
82 215
82 697
82 849
82 769
82 939
82 760
82 962
82 959
82 685
82 525
82 409
84 683
87 671
88 121
89 777
91 525
91 59
95 1013
95 781
95 653
95 789
95 256
95 279
95 472
95 180
95 126
95 350
95 464
95 441
95 451
95 142
95 632
95 23
95 290
95 994
95 887
95 140
95 1001
95 244
95 195
95 834
95 555
95 799
95 952
95 373
95 877
95 801
95 916
95 716
95 708
95 607
95 604
95 487
95 249
95 890
95 959
95 39
95 703
95 131
95 795
95 432
95 312
95 707
95 603
95 56
95 483
95 253
95 757
95 505
95 12
95 254
95 683
95 585
95 525
95 939
95 975
95 677
95 377
95 103
95 170
97 525
97 203
97 947
97 35
97 785
97 811
97 697
97 483
97 583
97 295
97 750
97 125
97 215
97 305
97 268
97 984
97 781
97 577
97 258
97 948
98 757
98 170
98 525
102 7
102 780
102 937
102 231
102 373
102 55
102 280
102 509
102 23
102 815
102 804
102 487
102 1020
102 834
102 197
102 550
102 327
103 387
103 258
103 428
103 231
103 440
103 140
103 409
103 346
103 89
103 24
103 821
103 217
103 679
103 464
103 683
103 233
112 23
112 720
112 744
112 888
112 195
112 952
112 781
112 423
112 407
112 525
112 939
112 632
112 884
112 499
112 587
112 636
112 432
112 327
112 312
112 550
112 185
112 322
112 677
112 428
112 811
112 56
112 377
112 295
113 130
119 304
121 811
121 847
121 799
121 498
121 690
121 258
121 137
121 44
121 781
121 966
121 479
121 757
121 525
121 188
121 891
121 268
121 451
121 614
121 786
121 103
121 140
121 96
121 977
121 12
121 910
123 353
123 188
123 647
123 174
125 856
125 130
125 683
125 5
125 781
125 525
125 414
125 483
126 912
126 721
128 140
128 884
128 414
128 974
128 764
128 811
128 1022
128 90
131 12
131 910
131 912
131 488
131 268
131 781
131 525
131 560
136 561
137 373
138 561
138 206
140 912
140 834
140 1007
141 80
141 667
141 824
141 377
141 811
141 757
141 190
143 295
143 956
143 899
144 136
144 295
144 927
144 999
147 373
147 59
148 785
154 394
154 34
154 777
154 125
154 418
154 974
154 496
154 140
154 811
154 781
160 495
160 811
160 757
160 525
160 377
160 134
160 483
160 628
160 103
160 636
160 803
160 785
160 588
160 661
160 268
161 428
162 48
163 227
166 561
170 977
170 283
170 771
170 439
170 798
170 166
170 320
170 464
170 423
170 538
170 753
170 721
170 12
170 352
170 295
170 126
170 912
173 121
173 994
173 525
173 561
173 934
173 970
173 917
173 844
173 849
173 102
173 56
173 879
173 954
173 198
173 585
173 714
173 769
173 632
173 180
174 369
174 882
180 686
180 642
180 817
180 771
180 312
180 266
180 41
180 811
180 297
180 909
180 249
180 994
180 495
180 520
180 439
180 487
180 952
180 513
180 426
180 525
180 201
180 203
180 923
180 632
180 170
180 97
180 746
180 80
180 888
180 1019
180 185
180 944
180 56
180 244
180 529
180 757
180 770
180 35
180 588
180 877
180 102
180 947
180 683
180 849
180 573
180 76
180 364
183 230
183 811
184 874
184 560
184 679
184 603
185 879
185 376
185 683
187 217
188 451
188 614
188 356
188 603
188 834
188 693
188 895
188 796
188 359
188 126
191 176
195 952
195 628
195 23
195 834
195 632
195 808
195 54
195 706
195 121
195 1013
195 402
195 197
195 849
195 170
195 693
195 534
195 312
195 757
195 905
195 373
195 471
195 364
195 703
195 928
195 184
195 603
195 990
195 811
195 671
195 1016
195 97
195 708
195 587
195 231
195 910
195 561
195 377
195 538
195 913
195 142
195 738
195 180
195 439
195 64
195 201
195 1006
195 518
195 845
195 888
195 266
195 136
195 487
195 613
195 902
195 166
195 864
195 844
195 994
195 525
195 282
195 12
195 1007
195 441
195 59
195 472
195 69
195 777
195 37
195 656
195 26
195 427
195 74
195 842
195 451
195 597
195 362
195 912
195 927
195 350
195 657
195 697
195 983
195 707
195 667
195 508
195 847
195 203
195 651
195 939
195 244
195 360
195 663
195 560
195 205
195 999
195 232
195 897
195 82
195 425
195 524
195 55
195 249
195 723
195 854
195 675
195 191
195 829
195 315
195 406
195 454
195 428
195 1017
195 895
195 455
195 884
195 744
195 179
195 174
195 572
195 400
195 585
197 811
197 233
197 144
197 12
197 785
197 550
197 603
199 942
199 12
199 693
199 907
199 714
203 541
203 607
203 496
203 137
203 631
203 863
203 671
203 592
203 525
203 920
203 426
203 131
203 550
203 12
203 427
203 222
203 667
203 927
203 304
203 785
203 495
203 125
203 83
203 451
203 561
203 934
203 147
203 35
203 39
203 1020
203 884
203 386
203 760
205 299
207 721
208 525
208 934
208 57
208 667
210 231
210 771
214 750
214 534
214 693
214 952
215 777
215 828
215 39
215 308
215 577
215 544
220 414
220 377
220 72
220 188
226 373
230 603
230 982
230 550
231 1023
231 939
231 136
231 493
232 336
232 907
232 534
232 414
232 785
233 697
233 264
235 592
235 811
235 170
235 927
235 525
235 231
235 785
235 705
235 142
235 24
235 162
235 141
235 1018
235 23
237 852
237 834
240 377
242 910
242 155
242 121
242 811
242 1007
242 1001
242 603
244 663
244 573
244 333
244 401
244 708
244 895
244 780
244 694
244 300
244 525
244 1007
244 781
244 834
244 220
244 760
244 757
244 147
244 203
244 790
244 451
244 944
244 619
244 585
244 565
244 494
244 72
244 697
244 952
244 231
244 534
244 764
244 550
244 1022
244 387
244 56
244 305
244 693
244 90
244 888
244 671
244 140
245 544
249 561
249 373
249 253
249 550
252 465
252 451
252 1023
252 188
252 471
252 373
252 931
252 131
252 231
252 195
252 286
252 619
252 895
252 632
252 548
252 981
252 884
253 525
254 760
254 679
254 268
254 39
255 550
255 77
256 414
256 483
256 231
256 359
256 606
256 550
256 113
256 217
259 280
259 506
260 30
261 268
263 455
263 174
265 509
265 525
265 464
268 566
268 939
268 39
268 505
268 136
268 231
268 592
268 995
268 889
268 824
268 350
268 866
268 561
269 147
269 623
269 757
269 414
269 377
269 579
269 344
269 748
271 628
271 471
271 661
271 147
271 602
271 632
272 268
272 760
272 1004
272 496
272 678
272 679
272 525
272 451
275 781
275 923
279 895
279 427
279 927
279 103
279 319
279 545
279 977
279 683
279 22
279 39
279 377
279 439
279 677
279 303
280 781
280 683
282 472
282 561
282 780
282 396
282 603
282 587
282 548
282 573
282 106
282 56
282 460
282 852
282 557
282 525
290 847
290 396
290 661
290 600
290 185
290 195
290 550
290 203
290 231
290 610
290 103
290 667
290 131
290 72
290 373
291 554
295 489
297 952
297 141
297 215
297 962
298 820
298 9
298 74
298 390
298 373
298 592
298 811
298 94
298 455
298 667
298 483
298 166
298 732
298 170
298 550
300 166
305 525
305 96
306 715
311 501
311 121
311 907
311 72
311 632
311 203
311 458
311 471
311 675
311 12
311 451
311 180
311 703
311 4
311 543
311 530
311 653
311 579
311 492
311 272
311 795
311 316
311 760
311 913
311 509
311 952
311 231
311 197
311 187
311 962
311 472
311 846
311 619
311 89
311 80
311 103
311 892
311 252
311 279
311 500
311 694
311 706
311 525
311 534
311 414
311 780
311 173
311 325
311 55
311 909
311 731
311 56
311 312
311 82
311 185
311 170
311 890
311 59
311 915
311 948
311 811
311 994
311 432
311 853
311 720
311 614
311 356
311 112
311 971
311 419
311 757
311 244
311 642
311 131
311 912
311 790
311 689
311 548
311 910
311 188
311 113
311 344
311 573
311 487
311 81
311 46
311 661
311 364
311 176
311 109
311 1013
311 144
311 25
311 786
311 396
311 394
311 39
311 268
311 842
311 888
311 550
311 592
311 76
311 990
311 671
311 409
311 74
311 269
311 856
311 327
311 23
311 290
311 991
311 663
311 195
311 253
311 561
311 884
311 551
311 454
312 587
312 983
312 355
312 907
312 472
312 90
312 910
312 557
312 671
312 849
312 235
312 217
312 103
312 487
312 121
312 244
312 454
312 585
312 125
312 667
312 80
312 708
312 188
312 811
312 777
312 451
312 879
312 510
312 888
312 549
312 35
312 525
312 280
312 377
312 757
312 952
312 523
312 1007
312 305
312 785
313 477
313 771
313 268
313 67
316 464
316 89
316 525
316 962
316 325
322 12
322 561
322 410
323 366
323 569
323 312
323 279
323 971
323 370
323 414
323 801
323 243
323 994
323 983
323 962
323 718
323 525
323 112
323 311
323 160
323 811
323 731
323 895
323 55
323 785
323 180
323 487
323 593
323 915
323 757
323 760
323 74
323 977
323 249
323 603
323 80
323 471
323 721
323 632
323 342
323 103
323 518
323 952
323 780
323 104
323 795
323 523
323 921
323 331
323 203
323 23
323 899
323 373
323 844
323 117
323 724
323 689
323 272
323 95
323 1015
323 587
323 197
323 608
323 742
323 170
323 4
323 786
323 1010
323 56
323 154
323 12
323 907
323 607
323 505
323 233
323 394
323 706
323 59
323 231
323 517
323 550
323 856
323 131
323 1019
323 555
323 214
323 737
323 450
323 561
323 241
323 884
323 653
323 738
323 580
323 440
323 451
323 651
323 44
323 325
323 773
323 552
323 781
323 97
323 102
323 427
323 288
323 268
323 377
323 974
323 353
323 885
323 295
323 121
323 858
323 857
323 222
323 628
323 53
323 458
323 618
323 195
323 282
323 439
323 777
323 494
323 106
323 244
323 524
323 126
323 254
323 534
323 1006
323 671
323 298
323 313
323 496
323 76
323 72
323 909
323 708
323 215
323 912
323 502
323 864
323 834
323 364
323 188
323 1009
323 714
323 211
323 187
323 944
323 990
323 604
323 387
323 10
323 184
323 136
323 25
323 874
323 624
323 190
323 585
323 116
323 849
323 396
323 939
323 581
323 35
323 806
323 260
323 675
323 283
323 966
323 831
323 262
323 453
323 642
323 820
323 842
323 252
323 265
323 327
323 230
323 928
323 529
323 927
323 125
323 614
323 212
323 1007
323 1016
323 716
323 400
323 163
323 975
323 879
323 340
323 501
323 232
323 441
323 223
323 43
323 141
323 369
323 837
323 130
323 13
323 875
323 676
323 991
323 173
323 906
323 183
323 703
323 493
323 409
323 796
323 794
323 764
323 1004
323 888
323 322
323 688
323 484
323 60
323 242
323 824
323 623
323 455
323 700
323 199
323 220
323 90
323 771
323 151
323 750
323 720
323 263
323 866
323 870
323 749
323 813
323 602
323 999
323 981
323 663
323 49
323 8
323 290
323 810
323 85
323 7
323 853
323 434
323 333
323 986
323 592
323 570
323 404
323 261
323 745
323 646
323 843
323 822
323 350
323 48
323 78
323 82
323 667
323 280
323 402
323 701
323 800
323 889
323 790
323 572
323 636
323 271
323 923
323 470
323 67
323 521
323 970
323 554
323 474
323 982
323 617
323 828
323 382
323 225
323 66
323 535
323 390
323 297
323 751
323 873
323 557
323 464
323 573
325 304
325 249
325 781
325 751
325 355
325 603
325 679
325 574
325 440
325 22
325 279
327 12
327 840
327 628
327 952
327 227
327 1013
327 622
327 44
327 356
327 373
327 929
327 907
328 561
331 642
333 820
333 715
333 525
334 258
335 550
335 14
335 10
336 820
336 697
336 756
336 231
336 845
336 693
342 387
342 524
342 748
342 331
342 849
342 944
342 811
342 884
342 952
342 931
342 534
342 525
342 587
342 799
342 822
342 909
342 593
344 628
348 706
350 623
351 671
353 530
353 495
353 280
353 525
353 483
356 222
358 111
358 879
358 884
358 96
358 387
358 557
358 525
358 781
358 90
358 253
358 346
360 451
364 233
364 959
364 849
364 888
364 525
364 203
364 546
364 912
364 521
364 944
364 185
364 952
364 771
364 994
364 333
366 852
366 396
366 268
366 78
366 593
366 56
366 795
366 757
366 608
366 966
366 112
366 121
366 235
366 417
366 750
366 907
366 521
366 35
366 140
366 811
366 683
366 327
366 95
366 231
366 13
366 671
366 628
366 697
366 771
366 125
366 909
366 472
366 311
366 994
366 794
366 55
366 420
366 829
366 386
366 487
366 523
366 501
366 402
366 350
366 718
366 195
366 33
366 632
366 203
366 706
366 915
366 643
366 879
366 653
366 12
366 170
366 222
366 923
366 300
366 956
366 720
366 552
366 976
366 82
366 557
366 67
366 441
366 325
366 4
366 414
366 451
366 42
366 3
366 781
366 525
366 1013
366 399
366 703
366 88
366 46
366 737
366 873
366 617
366 426
366 217
366 910
366 334
366 272
366 370
366 234
366 774
366 1019
366 113
366 603
366 312
366 373
366 864
366 524
366 80
366 587
366 555
366 731
366 427
366 974
366 180
366 76
366 404
366 491
366 438
366 150
366 550
366 928
366 842
366 952
366 462
366 517
366 979
366 677
366 436
366 279
366 999
366 17
366 944
366 394
366 822
366 971
366 103
366 965
366 291
366 336
366 614
368 505
368 757
370 244
370 555
370 525
370 583
370 626
370 460
370 815
370 952
370 962
370 451
370 577
370 689
370 811
370 541
370 602
373 781
373 887
373 12
373 505
373 944
373 231
373 10
373 266
373 834
373 939
373 233
373 67
373 852
377 113
377 12
377 852
377 451
377 170
377 218
377 1004
377 373
377 35
377 986
377 147
377 746
377 959
377 268
377 313
377 646
377 234
377 144
377 194
379 525
379 505
382 373
382 215
382 217
382 1016
390 781
390 603
392 525
394 414
394 203
394 268
394 194
394 1013
394 305
394 525
394 136
394 322
394 811
394 912
394 824
394 956
394 373
396 335
396 152
396 56
396 952
396 23
396 272
396 607
396 834
396 897
396 487
396 188
396 520
396 118
396 140
396 959
396 785
396 603
396 327
396 411
396 917
396 757
396 39
396 858
396 671
396 525
396 705
396 649
396 534
396 201
396 811
396 404
396 646
396 125
396 280
396 356
396 258
396 561
396 555
396 12
397 879
400 350
400 142
400 203
400 952
402 884
402 451
402 632
402 781
402 535
402 990
402 280
402 977
402 441
402 1016
402 12
402 895
402 154
402 268
402 396
402 994
402 557
402 278
402 525
402 458
404 525
404 336
404 72
404 811
404 521
407 998
407 377
408 12
409 39
409 866
409 166
411 451
414 824
414 525
414 550
417 390
417 534
417 950
417 721
417 981
417 849
417 312
417 203
417 465
417 944
417 887
417 268
417 888
417 999
418 56
418 525
418 811
418 487
418 870
418 781
418 534
418 977
419 619
420 953
420 103
420 268
423 712
423 231
423 970
427 689
427 233
427 927
427 8
427 810
427 910
427 103
427 386
427 538
427 697
427 671
427 268
428 900
429 268
432 683
432 430
432 781
432 455
434 721
434 373
436 451
436 217
436 619
439 592
439 977
439 663
439 295
439 923
440 12
440 771
441 811
441 364
441 550
441 373
441 677
441 235
441 759
441 17
441 327
441 295
441 888
441 760
441 895
441 43
441 97
441 169
441 970
441 244
441 525
441 74
441 396
441 495
441 451
441 293
441 231
441 784
441 170
441 999
441 55
441 534
441 302
441 689
441 600
441 144
441 487
441 479
441 220
441 632
441 628
441 708
441 952
441 350
441 312
441 977
441 484
441 483
441 909
441 12
441 23
445 811
446 619
450 632
450 952
450 757
450 811
451 679
451 528
451 939
451 799
451 185
451 771
451 231
451 781
451 578
451 106
451 912
454 786
455 12
455 136
455 286
457 561
457 81
457 706
458 560
458 746
458 525
458 203
458 543
458 714
458 934
458 414
458 350
458 966
458 439
458 760
458 747
458 81
458 939
458 217
460 614
462 708
462 440
462 81
462 794
467 2
470 715
471 929
471 557
471 632
471 280
471 514
471 693
471 860
471 538
471 322
471 757
471 769
471 907
471 977
471 56
471 373
471 697
471 721
471 913
471 368
471 849
471 268
471 377
471 934
471 829
471 240
471 657
471 671
471 952
471 780
471 462
471 763
471 495
471 534
471 382
471 912
471 811
471 771
471 439
471 188
471 451
471 1006
471 524
471 518
471 884
471 233
472 798
472 999
472 166
472 671
472 111
472 530
472 103
472 525
472 377
472 387
473 771
473 289
474 387
474 483
474 230
474 790
474 56
474 231
474 373
474 757
474 653
476 919
477 362
479 103
479 12
479 781
479 628
479 679
480 835
483 477
483 671
483 201
483 89
483 939
483 12
483 231
483 594
483 126
484 121
484 97
484 125
484 300
487 830
487 103
487 432
487 834
487 880
487 671
487 394
487 785
487 8
487 377
487 811
487 697
487 876
487 550
487 131
487 756
487 350
487 313
487 60
487 563
487 799
487 90
487 7
487 527
487 136
487 726
487 757
487 268
491 742
495 215
495 667
495 231
495 268
495 680
495 428
495 505
496 561
496 535
497 451
497 884
498 12
499 994
500 1023
501 441
501 771
501 166
501 671
501 927
501 279
501 603
501 69
501 928
501 451
501 272
501 487
501 56
501 990
501 327
501 103
501 952
501 195
501 409
501 534
501 661
501 376
501 298
501 394
501 300
501 138
501 387
501 377
501 849
501 293
501 756
501 38
501 131
501 359
501 557
501 271
501 888
501 939
501 121
501 632
501 561
501 651
501 231
501 895
501 479
501 803
501 788
501 703
501 336
501 785
501 525
501 913
501 76
501 137
502 509
505 982
506 854
506 336
506 550
506 919
506 185
513 345
513 592
513 483
513 197
513 293
513 136
514 59
514 373
514 263
514 683
518 592
518 689
518 1013
518 305
518 525
518 900
518 12
521 387
522 235
523 39
523 359
524 525
524 788
524 55
524 825
524 170
524 99
524 790
524 781
524 121
524 514
524 811
524 1004
524 663
524 231
525 781
525 268
525 721
525 185
525 910
525 824
525 464
525 588
525 1023
525 239
525 477
525 43
525 619
525 12
525 521
525 57
525 217
525 550
525 103
525 923
525 463
525 401
525 313
525 59
525 130
525 247
525 834
525 455
525 603
525 451
525 683
525 89
525 623
525 350
525 820
529 785
529 830
529 962
529 811
530 309
530 834
530 231
533 203
533 614
533 55
533 525
534 263
534 639
534 185
534 298
534 671
534 667
534 322
534 808
534 525
534 689
534 444
534 12
534 272
534 166
534 811
534 23
534 373
534 331
534 753
534 43
534 619
534 607
534 231
534 790
534 770
534 518
534 781
534 984
534 724
534 48
534 136
534 550
534 946
534 174
534 132
534 351
534 710
534 131
541 977
541 671
546 268
550 771
550 834
550 824
550 322
550 268
550 317
550 1004
551 513
551 854
551 525
551 35
551 718
552 141
552 952
552 72
552 377
552 525
552 689
552 327
552 811
552 632
552 90
552 195
552 842
552 0
552 336
552 268
552 1012
552 512
555 690
555 778
555 279
555 952
555 671
555 427
555 760
555 487
555 929
555 614
557 239
557 377
557 920
557 217
557 103
557 373
557 834
557 882
557 977
557 683
557 748
557 983
557 43
557 334
557 577
557 525
558 623
559 829
559 525
559 733
560 933
562 268
569 33
569 915
569 311
569 971
569 56
569 279
569 910
569 895
569 346
569 952
569 506
569 811
569 653
569 909
569 721
569 420
569 180
569 312
569 807
569 603
569 948
569 849
569 998
569 290
569 602
569 313
569 1006
569 1023
569 382
569 446
569 374
569 336
569 731
569 683
569 366
569 795
569 138
569 737
569 125
569 585
569 570
569 934
569 233
569 392
569 781
569 103
569 195
569 170
569 533
569 76
569 888
569 231
569 427
569 525
569 534
569 358
569 319
569 890
569 677
569 401
569 377
569 235
569 542
569 441
569 39
569 632
569 261
569 927
569 364
569 864
569 242
569 141
569 455
569 373
569 708
569 67
569 555
569 856
569 280
569 627
569 97
569 1013
569 379
569 355
569 854
569 368
569 557
569 780
569 608
569 80
569 1007
569 493
569 350
569 249
569 720
569 293
569 501
569 414
569 538
569 548
569 400
569 12
569 825
569 1016
569 244
569 901
569 671
569 785
569 636
569 128
569 254
569 55
569 724
569 728
569 907
569 74
569 661
569 657
569 95
569 587
569 607
569 297
569 939
569 573
569 333
569 470
569 35
569 194
569 550
569 889
569 126
569 771
569 942
572 810
573 555
573 394
573 682
573 781
574 677
574 785
574 231
574 23
578 885
579 451
579 550
581 603
583 451
583 525
585 685
585 785
585 829
585 983
585 233
585 401
585 834
585 494
585 895
585 428
585 377
585 811
585 258
587 639
587 847
587 525
587 377
587 231
587 451
587 94
587 395
587 627
587 603
587 458
587 109
587 298
587 414
587 856
587 493
587 679
587 125
587 190
587 780
587 944
587 336
587 128
587 757
587 781
587 813
587 952
587 185
587 939
587 701
587 90
587 280
587 555
587 811
587 708
587 39
587 830
587 208
587 364
587 667
587 718
587 926
587 439
587 771
587 447
587 518
587 23
587 26
587 895
587 55
587 742
587 307
587 106
588 650
592 218
592 401
593 244
593 952
593 811
593 451
593 231
593 440
593 849
593 895
593 683
593 525
593 550
593 471
593 0
593 757
593 140
593 677
593 632
593 769
593 587
593 163
593 272
593 944
593 180
593 63
593 268
593 72
593 706
593 907
593 771
593 166
593 455
593 269
593 76
593 373
593 103
593 499
593 558
593 402
593 82
593 983
593 671
593 312
593 197
593 487
593 227
593 426
593 973
597 194
597 151
597 525
597 79
598 377
600 721
602 671
602 170
602 610
602 927
602 632
602 525
602 280
602 396
602 377
602 538
603 59
603 656
603 856
603 103
603 8
603 977
603 721
603 939
603 303
603 633
603 528
604 170
604 451
607 152
607 889
607 998
607 771
607 166
607 525
607 293
608 939
608 971
608 140
608 653
608 919
608 414
608 152
608 195
608 311
608 870
608 1013
608 685
608 636
608 55
608 888
608 322
608 708
608 300
608 838
608 781
608 732
608 550
608 1019
608 849
608 180
608 915
608 651
608 244
608 471
608 994
608 33
608 632
608 312
608 4
608 785
608 525
608 501
608 103
608 909
608 76
608 548
608 912
608 56
608 1006
608 899
608 121
608 757
610 493
610 578
610 90
611 708
611 394
611 377
611 815
611 279
611 142
611 381
613 382
614 599
614 176
614 374
614 35
614 451
614 988
614 142
614 650
614 525
614 496
620 863
624 525
628 90
628 268
628 409
628 525
632 973
632 697
632 739
632 566
632 144
632 874
632 215
632 844
632 487
632 1017
632 623
632 44
632 525
632 705
632 952
632 268
632 628
632 279
632 912
632 209
632 585
632 55
632 121
632 312
632 970
632 994
632 377
632 479
632 453
632 387
632 373
632 603
632 923
632 666
632 422
632 140
632 824
632 757
632 125
632 188
632 604
632 667
632 495
632 203
632 48
632 984
632 518
632 56
632 651
632 500
632 151
632 12
632 327
632 550
632 111
632 781
632 811
632 358
632 863
632 210
632 854
632 295
632 636
632 720
632 587
632 660
632 974
632 849
632 97
632 953
632 856
632 895
632 409
632 561
632 917
632 750
632 288
632 514
632 884
632 714
632 939
632 907
632 928
632 521
632 815
632 39
632 786
632 879
632 796
632 715
632 30
632 231
632 294
632 671
632 473
632 439
632 298
632 464
632 470
632 962
632 406
632 233
632 588
632 23
632 72
632 834
632 689
632 90
632 244
632 708
632 753
632 272
635 35
636 667
636 610
636 54
636 760
636 811
636 203
636 300
636 117
636 603
639 317
639 387
639 390
640 790
643 811
643 895
643 280
643 266
647 423
647 333
649 525
651 734
651 994
651 677
651 781
651 534
651 76
652 268
653 268
653 913
653 272
653 587
653 731
653 144
653 136
653 706
653 966
653 464
653 952
653 632
653 585
653 228
653 188
653 849
653 797
653 939
653 373
653 231
653 811
653 873
653 994
653 633
653 295
653 103
653 286
653 59
653 501
653 907
653 675
653 342
653 195
653 944
653 697
653 785
653 668
653 580
653 790
653 409
653 126
653 934
653 682
653 771
653 912
653 256
653 757
653 737
653 661
653 203
653 534
653 887
653 433
653 824
653 377
653 1013
653 671
653 858
653 856
653 1004
653 170
653 357
653 780
653 180
653 166
653 603
653 35
653 263
653 350
653 888
653 125
653 822
653 645
653 525
653 12
653 55
653 981
653 982
653 764
653 185
653 583
653 427
653 249
653 458
653 897
653 923
653 628
653 579
653 842
653 550
653 1007
653 37
653 455
653 487
653 454
653 396
653 817
653 572
653 394
653 23
653 298
653 513
653 1018
653 141
653 557
653 496
653 1017
653 471
653 714
653 151
653 607
653 364
653 909
653 520
653 742
653 280
653 863
653 864
653 253
653 798
653 506
653 962
653 930
653 102
653 472
653 44
656 231
657 359
657 117
657 235
657 55
657 678
657 824
657 400
657 74
657 295
657 432
657 781
657 279
657 43
657 525
657 811
657 923
657 895
657 830
657 944
661 1004
661 721
661 757
661 998
661 487
661 750
661 560
661 451
661 147
661 103
661 185
661 495
661 373
661 781
661 811
661 939
662 23
662 856
663 561
664 603
666 396
666 12
667 12
667 268
671 693
671 451
671 57
671 268
671 12
671 603
671 39
671 974
671 714
671 59
671 1023
671 927
675 550
675 534
675 197
675 934
675 632
675 23
675 55
675 493
675 972
675 19
675 757
675 59
677 923
677 451
677 575
677 39
677 81
677 621
677 525
677 350
677 35
677 613
677 833
677 898
678 667
678 658
678 373
678 912
682 377
682 811
682 39
686 525
689 248
689 100
689 798
689 824
689 8
689 410
689 794
689 603
689 113
689 525
693 440
693 525
693 667
693 12
693 43
693 96
694 268
697 334
697 231
697 824
697 718
697 426
700 12
700 877
700 209
703 525
703 373
703 125
703 103
703 824
703 267
703 777
703 158
703 999
703 387
703 707
703 550
703 636
705 170
705 706
705 295
705 404
705 377
706 607
706 895
706 614
706 238
706 387
706 313
706 233
706 185
707 939
708 645
708 820
708 525
708 198
708 305
708 631
708 106
710 588
710 451
714 43
714 781
714 751
717 693
717 632
717 495
717 336
717 849
718 949
720 103
720 188
720 952
720 679
720 944
720 849
720 439
720 534
720 445
720 785
721 387
721 939
721 433
721 894
724 43
724 525
724 504
724 455
724 215
724 387
724 268
724 884
724 12
724 401
727 302
731 757
731 195
731 749
731 313
731 993
731 505
731 440
731 632
731 853
731 180
731 720
731 555
731 414
731 97
731 661
731 235
731 849
731 708
731 297
731 785
731 962
731 803
731 693
731 231
731 780
731 930
731 671
731 931
731 216
731 509
731 851
731 377
731 451
731 55
731 154
731 112
731 373
731 751
731 268
731 822
731 592
731 382
731 487
731 842
731 845
731 771
731 400
731 866
731 23
731 402
731 471
731 370
733 561
737 131
737 381
737 769
737 525
737 939
737 750
737 909
737 130
737 551
737 593
737 557
737 72
737 888
737 184
737 834
737 3
737 717
737 632
737 651
737 313
737 197
737 808
737 708
737 140
737 675
737 103
737 760
737 150
737 811
737 312
737 548
737 671
737 962
737 282
737 785
737 411
737 864
737 249
737 895
737 975
737 151
737 944
737 1002
737 550
737 661
737 994
737 50
737 55
737 603
737 718
737 842
738 998
738 944
738 174
738 1013
738 561
738 671
738 550
738 697
738 286
738 121
738 233
738 538
738 138
739 332
746 12
746 999
748 176
748 401
750 879
750 458
750 170
750 671
750 495
750 498
750 121
750 606
750 542
750 234
750 628
750 233
750 981
750 387
750 525
750 939
755 268
757 170
757 592
757 684
757 667
757 12
757 525
757 923
757 373
757 777
757 656
757 821
757 59
757 387
757 233
757 550
757 505
757 986
757 939
757 495
757 781
757 866
757 89
757 304
757 23
759 353
759 683
759 642
759 233
760 43
760 1000
761 706
761 1013
761 94
761 628
763 350
763 718
763 849
763 636
763 632
763 336
769 462
769 217
769 377
769 534
769 628
769 530
769 948
769 231
769 268
769 1018
769 619
769 387
769 603
769 464
769 208
769 849
769 39
769 325
769 757
770 912
774 172
774 671
774 12
778 870
780 1011
780 396
780 126
780 487
780 912
780 336
780 131
780 927
780 962
780 815
780 959
780 432
780 125
780 97
780 377
780 409
781 185
781 660
781 834
781 268
781 817
781 619
781 12
785 845
785 409
785 470
785 959
785 570
785 427
785 760
785 607
785 162
785 268
785 170
785 166
785 295
785 525
785 880
785 231
785 61
785 377
785 1001
785 23
785 215
785 708
785 67
785 1013
785 440
785 230
785 188
785 548
785 90
786 561
786 231
786 525
789 12
789 103
790 811
790 757
790 708
790 94
790 377
790 295
790 592
790 923
790 136
790 206
790 451
790 603
790 663
790 458
795 628
795 603
795 231
795 298
795 952
795 525
795 632
795 878
795 47
795 907
795 825
795 202
795 208
795 76
795 26
795 195
795 683
795 731
795 220
795 587
795 5
795 373
795 706
795 160
795 693
795 103
795 653
795 888
795 370
795 439
795 170
795 871
795 242
795 697
795 757
795 798
795 55
795 121
795 822
795 451
795 748
795 268
795 377
795 382
795 962
795 417
795 197
795 864
795 414
795 781
795 780
795 23
795 811
795 499
795 947
795 763
795 441
798 194
798 12
801 82
801 509
801 334
801 757
801 842
801 909
801 663
801 952
801 811
801 956
801 614
801 154
801 666
801 140
801 888
801 592
801 636
801 97
801 23
801 12
801 423
801 195
801 1006
801 712
801 80
801 737
801 525
801 708
801 396
801 864
801 25
801 929
801 313
801 675
801 735
801 231
801 495
801 632
801 907
801 552
801 774
801 185
801 931
801 962
801 297
801 653
801 849
801 895
801 188
801 364
801 50
801 147
801 471
801 738
801 884
802 671
802 170
802 141
802 451
802 191
808 757
811 59
811 427
811 525
811 401
811 336
811 895
811 373
811 12
811 6
811 377
811 785
811 170
811 125
811 671
811 887
811 436
811 57
811 280
811 268
811 884
811 548
811 550
811 305
811 266
811 1007
811 530
811 944
811 667
811 757
811 1013
811 48
811 201
811 3
811 39
811 464
811 432
811 912
811 939
811 604
811 603
811 451
811 718
811 677
811 23
811 999
811 592
811 707
811 166
811 689
811 430
811 103
811 854
811 897
811 233
811 982
811 834
811 560
811 136
811 152
811 946
811 491
811 439
811 578
811 334
811 805
811 798
811 561
811 90
811 354
811 950
811 981
811 483
811 974
811 67
811 382
811 607
811 1023
811 465
811 697
811 962
811 760
811 313
811 543
811 479
811 317
811 781
811 350
813 103
815 525
815 561
820 231
822 534
822 59
822 632
822 623
822 41
822 336
822 525
822 899
822 550
822 746
822 203
822 74
822 90
822 170
822 144
822 125
822 849
822 697
822 1020
822 298
824 231
824 81
824 352
825 988
825 583
825 356
827 934
827 834
828 387
829 231
829 373
829 828
830 824
830 693
835 671
840 439
842 757
842 396
842 525
842 23
842 479
842 952
842 268
842 632
842 451
842 993
842 724
842 538
842 811
842 983
842 679
842 76
842 912
842 180
842 471
842 103
842 907
842 667
842 587
842 233
842 838
842 215
842 441
842 683
842 603
842 439
842 300
842 785
842 249
842 1023
842 188
842 693
842 203
842 56
842 735
842 414
842 689
842 42
842 356
842 312
842 410
846 852
846 887
846 781
847 898
849 263
849 518
849 811
849 295
849 714
849 188
849 895
849 760
849 39
849 815
849 217
849 182
849 529
849 103
849 373
849 690
849 514
849 254
849 785
849 614
849 554
849 525
849 986
849 454
849 962
849 677
849 162
849 279
849 300
849 830
849 377
849 550
849 460
849 268
849 572
849 706
851 368
851 525
851 404
851 464
851 923
852 227
853 785
853 966
854 824
854 805
854 313
854 268
856 140
857 199
857 753
857 140
857 952
857 666
857 525
857 333
863 231
863 923
864 237
864 534
864 396
864 231
864 318
864 209
864 769
864 325
864 703
864 962
864 97
864 377
864 917
864 479
864 462
864 491
864 811
864 166
864 603
864 632
864 451
864 387
864 13
864 690
864 518
866 12
867 834
870 59
874 863
874 3
874 381
882 525
882 194
884 12
884 414
884 451
884 440
884 525
884 201
884 736
888 994
888 550
888 358
888 59
888 287
888 585
888 959
888 647
888 280
888 56
888 76
888 811
888 495
888 203
888 534
888 304
888 359
888 525
888 130
888 750
888 574
888 451
888 220
888 152
888 217
888 866
888 952
888 970
888 837
888 170
888 418
888 43
888 1001
888 268
888 790
888 739
888 757
888 899
888 769
888 479
888 373
888 218
888 313
889 958
890 471
890 194
890 517
890 141
890 396
890 21
890 991
890 785
890 781
890 689
890 856
890 525
890 290
890 579
890 808
890 282
895 592
895 610
895 546
895 439
895 683
895 671
895 525
895 974
895 757
895 201
895 10
895 118
895 8
895 427
895 1002
895 939
895 39
895 23
895 746
895 313
895 495
895 35
895 563
895 852
895 414
895 603
895 131
895 557
895 697
895 322
895 336
895 144
899 1013
899 466
899 525
899 512
899 210
899 72
899 760
899 387
899 451
905 543
905 939
905 103
907 509
907 505
907 81
907 426
907 614
907 849
907 607
907 550
907 80
907 377
907 170
907 525
907 1013
907 856
907 929
907 265
907 994
907 279
907 215
907 939
907 359
907 884
907 817
907 506
907 683
907 259
907 473
907 661
907 726
907 895
909 472
909 671
909 959
909 895
909 231
909 910
909 43
909 888
909 884
909 1012
909 757
909 952
909 1020
909 667
909 377
909 604
909 603
909 944
909 947
909 753
909 769
909 97
909 121
909 811
909 632
909 628
909 336
909 235
909 614
909 72
909 495
909 822
909 550
909 824
909 451
909 907
909 705
909 485
909 82
909 94
909 738
909 55
909 230
909 295
909 279
909 373
909 487
909 703
909 126
909 439
909 592
910 268
912 496
912 201
912 85
912 683
912 231
913 268
913 671
913 750
913 555
913 144
913 63
913 856
913 534
913 952
913 121
913 999
913 397
913 451
913 785
913 53
915 863
915 142
915 653
915 117
915 561
915 524
915 864
915 743
915 327
915 180
915 195
915 801
915 43
915 159
915 811
915 632
915 759
915 501
915 509
915 895
915 973
915 362
915 377
915 750
915 78
915 499
915 525
915 587
915 706
915 90
915 170
915 458
915 55
915 780
915 221
915 737
915 921
915 552
915 795
915 418
915 121
915 461
915 651
915 952
915 231
915 885
915 1020
915 95
915 731
915 72
915 390
915 847
915 23
915 56
915 849
915 555
915 781
915 708
915 682
915 426
915 47
915 295
915 12
917 433
917 550
917 197
918 420
921 909
921 842
921 587
921 56
921 510
921 999
922 798
923 690
923 642
923 828
924 286
924 667
927 578
927 215
927 697
927 977
927 57
927 373
927 603
927 181
927 550
927 90
928 354
928 144
928 23
928 785
928 82
928 427
928 121
928 356
928 325
928 12
928 525
928 952
928 550
928 734
928 203
928 106
928 613
931 550
931 388
931 811
931 298
931 185
934 409
938 977
944 619
944 185
944 856
944 760
944 96
944 295
948 231
948 525
950 542
952 387
952 614
952 23
952 592
952 493
952 386
952 233
952 104
952 266
952 1012
952 334
952 118
952 97
952 636
952 714
952 313
952 330
952 883
952 427
952 577
952 907
952 231
952 642
952 56
952 920
952 525
952 697
952 628
952 550
952 476
952 487
952 770
952 677
952 89
952 170
952 12
952 373
952 293
952 927
952 639
952 217
952 1000
952 304
952 824
952 500
952 561
952 532
952 583
952 785
952 264
952 439
952 1007
952 38
952 929
952 401
952 298
952 125
952 144
952 661
952 685
952 279
952 708
952 534
952 764
952 744
952 126
952 689
952 121
952 781
952 811
952 203
952 1006
952 671
952 646
952 473
952 847
952 607
952 254
952 483
952 268
952 509
952 879
952 962
952 151
952 999
952 460
952 66
952 295
952 973
952 35
952 19
952 140
952 724
952 39
952 723
952 431
952 454
952 17
952 895
952 748
952 187
952 944
952 336
952 41
952 407
952 580
952 721
952 410
954 90
954 657
954 525
954 231
954 188
954 215
954 1007
956 113
956 811
959 495
959 525
959 671
959 708
959 920
961 525
961 475
962 550
962 387
962 999
962 332
962 295
962 856
962 803
965 195
965 632
965 23
965 814
965 327
966 494
966 295
966 714
970 334
971 842
971 525
971 312
971 653
971 534
971 496
971 410
971 757
971 23
971 952
971 466
971 195
971 811
971 217
971 396
971 231
971 399
971 440
971 373
971 999
971 550
971 203
971 892
971 671
971 689
971 1023
971 110
971 907
971 333
971 117
971 377
971 140
971 170
971 607
971 472
971 912
971 585
971 796
971 441
971 199
971 561
971 985
971 501
971 656
971 603
971 737
971 12
971 990
971 636
971 128
971 95
971 102
971 808
971 675
971 39
971 479
971 282
971 180
971 390
971 632
971 993
971 136
971 252
971 849
971 150
971 750
971 755
971 374
971 927
971 781
971 731
971 187
971 499
971 46
971 760
971 173
971 394
971 633
971 524
971 664
971 888
971 801
971 715
971 244
971 552
971 837
971 944
971 103
971 436
971 513
971 628
971 97
971 121
971 820
971 1019
971 771
971 233
971 483
971 593
971 844
971 197
971 721
971 746
971 407
971 56
971 313
971 538
971 895
971 1007
971 74
971 877
971 978
971 112
971 939
971 551
971 516
971 147
971 207
971 994
971 271
971 928
971 706
971 98
971 122
971 491
971 724
971 290
971 294
971 909
973 185
973 927
973 350
973 623
973 774
973 757
975 986
975 455
975 487
975 781
975 1007
975 56
975 667
977 756
977 86
981 879
983 550
983 356
986 174
988 373
990 336
990 811
990 651
990 170
990 261
990 298
990 959
990 377
990 895
990 231
990 396
990 870
990 748
990 373
990 952
990 185
991 185
992 12
993 811
993 905
993 765
993 603
993 944
993 496
993 322
993 952
993 671
993 396
993 103
993 373
993 1016
993 244
993 781
994 423
994 409
994 121
994 550
994 166
994 697
994 188
994 427
994 811
994 451
994 202
994 377
994 623
994 525
994 266
994 206
994 710
994 231
994 803
994 912
994 35
994 185
994 614
994 977
994 386
994 638
994 103
994 635
994 373
994 90
994 579
994 354
994 631
994 268
994 534
994 557
994 479
999 760
999 841
999 554
999 12
1001 35
1006 203
1006 628
1006 72
1006 313
1006 815
1006 387
1006 781
1006 59
1006 422
1006 697
1006 350
1006 279
1013 67
1013 280
1013 10
1013 423
1013 685
1013 451
1013 48
1015 203
1017 334
1017 895
1017 525
1017 353
1017 667
1017 136
1018 707
1018 464
1019 103
1019 952
1019 387
1019 757
1019 982
1019 572
1019 780
1021 495
