1024
4743
0
0
0
0
3
65
65
65
67
67
69
69
70
79
83
83
86
88
88
88
88
89
89
89
117
117
136
137
137
137
137
137
137
137
158
166
169
169
169
169
171
171
178
182
182
183
183
184
184
184
185
185
185
185
185
185
229
264
265
267
268
271
271
271
277
277
277
278
278
279
279
282
282
289
289
306
306
322
322
333
333
351
351
362
362
363
363
363
364
365
366
366
368
368
368
368
431
431
451
454
454
454
454
471
487
487
487
487
487
487
487
487
487
515
516
516
516
516
516
516
517
517
542
542
546
546
554
556
556
564
564
564
572
572
572
572
572
573
574
576
576
579
586
586
589
593
593
593
595
596
596
596
596
596
596
606
606
606
606
606
606
621
622
623
624
624
624
625
625
625
625
642
642
642
661
663
663
663
663
663
663
710
710
710
712
716
719
719
720
730
730
730
731
731
731
731
852
852
859
859
864
864
864
864
897
897
898
898
899
903
903
905
905
905
905
909
915
915
915
915
915
919
919
919
919
919
919
920
920
920
920
923
927
932
934
934
948
948
950
950
950
951
951
958
958
999
1000
1000
1000
1000
1004
1004
1004
1021
1022
1026
1028
1036
1036
1036
1038
1039
1040
1040
1042
1042
1045
1045
1045
1058
1066
1066
1072
1080
1080
1080
1082
1082
1082
1082
1096
1098
1098
1112
1112
1112
1112
1112
1112
1112
1112
1127
1128
1128
1128
1128
1129
1129
1133
1148
1148
1149
1149
1149
1149
1149
1151
1152
1152
1152
1152
1152
1272
1312
1316
1316
1316
1321
1321
1321
1321
1321
1321
1324
1621
1621
1632
1632
1644
1645
1645
1645
1646
1646
1649
1650
1653
1659
1659
1659
1659
1659
1659
1676
1676
1677
1677
1677
1677
1678
1678
1679
1680
1680
1685
1685
1685
1686
1686
1697
1697
1698
1698
1698
1698
1713
1713
1844
1844
1846
1846
1861
1861
1861
1874
1874
1874
1874
1893
1893
1895
1895
1895
1899
1899
1899
1899
1899
1899
1899
1899
1901
1901
1902
1902
1916
1916
1955
1956
1956
1956
1960
1960
1980
1980
1985
1985
1985
1987
1988
1991
1991
1992
1992
1992
1995
1995
1995
2009
2017
2018
2021
2021
2021
2024
2024
2024
2024
2036
2037
2038
2038
2038
2042
2042
2044
2044
2047
2047
2047
2052
2054
2103
2103
2103
2103
2104
2105
2105
2105
2105
2109
2120
2120
2120
2121
2124
2124
2127
2143
2143
2144
2144
2148
2148
2148
2148
2148
2149
2149
2149
2150
2195
2205
2207
2216
2216
2217
2218
2218
2223
2224
2224
2224
2233
2237
2237
2237
2265
2265
2265
2265
2266
2266
2266
2266
2273
2275
2277
2278
2279
2280
2334
2335
2335
2335
2336
2341
2341
2341
2341
2341
2341
2341
2347
2351
2351
2351
2351
2358
2358
2358
2359
2360
2362
2376
2411
2411
2411
2411
2415
2418
2418
2418
2422
2460
2460
2460
2460
2460
2460
2460
2462
2462
2462
2462
2462
2463
2463
2463
2463
2470
2475
2492
2492
2492
2502
2502
2518
2519
2522
2523
2523
2524
2524
2524
2524
2524
2524
2524
2657
2657
2657
2658
2662
2666
2666
2666
2666
2667
2669
2669
2670
2670
2672
2672
2685
2685
2738
2739
2739
2739
2739
2741
2788
2788
2788
2788
2792
2793
2793
2794
2794
2804
2815
2817
2817
2817
2824
2871
2871
2874
2881
2881
2882
2892
2892
2892
2892
2892
2892
2893
2893
2893
2893
2894
2894
2894
2894
2898
2898
2898
2898
3010
3010
3010
3011
3020
3020
3020
3023
3024
3024
3024
3028
3028
3028
3028
3030
3030
3031
3031
3037
3038
3164
3164
3164
3165
3184
3184
3184
3184
3200
3202
3203
3204
3204
3206
3208
3208
3208
3208
3220
3220
3220
3220
3232
3232
3244
3248
3248
3248
3248
3251
3251
3251
3251
3252
3252
3252
3262
3262
3262
3262
3268
3269
3269
3269
3274
3274
3274
3277
3277
3277
3290
3290
3295
3303
3304
3311
3311
3313
3313
3313
3313
3316
3316
3316
3321
3322
3322
3332
3336
3336
3336
3346
3346
3346
3347
3347
3347
3347
3399
3399
3400
3400
3400
3400
3451
3464
3465
3465
3465
3465
3465
3465
3465
3467
3467
3469
3469
3485
3485
3485
3485
3485
3486
3486
3510
3510
3514
3516
3520
3520
3526
3526
3526
3526
3526
3526
3545
3546
3546
3546
3546
3549
3549
3549
3549
3550
3550
3566
3573
3573
3573
3573
3602
3605
3605
3605
3607
3621
3621
3621
3621
3621
3678
3678
3678
3680
3680
3680
3735
3740
3740
3740
3740
3740
3740
3741
3741
3741
3828
3828
3829
3829
3831
3831
3831
3831
3831
3832
3832
3852
3852
3855
3858
3858
3860
3861
3864
3866
3866
3866
3866
3866
3867
3867
3867
3867
3867
3868
3868
3913
3913
3913
3913
3916
3917
3917
3953
3953
3958
3959
3961
3965
3965
3966
3973
3973
3973
3973
3973
3973
3975
4000
4000
4001
4002
4002
4002
4003
4003
4003
4003
4006
4006
4006
4006
4006
4006
4006
4006
4008
4008
4015
4015
4015
4015
4058
4059
4075
4075
4075
4075
4075
4107
4107
4107
4107
4116
4116
4116
4116
4116
4116
4119
4119
4149
4149
4200
4201
4201
4206
4221
4221
4284
4284
4287
4288
4288
4288
4294
4295
4298
4300
4300
4300
4310
4327
4327
4327
4332
4332
4332
4333
4333
4333
4333
4334
4334
4334
4334
4334
4334
4340
4340
4340
4340
4342
4342
4343
4343
4451
4451
4458
4458
4460
4460
4460
4465
4465
4467
4474
4474
4474
4479
4482
4482
4482
4482
4483
4612
4612
4618
4618
4625
4625
4627
4627
4627
4627
4628
4628
4630
4630
4630
4631
4631
4632
4632
4648
4649
4650
4665
4702
4702
4702
4702
4702
4706
4706
4707
4707
4707
4707
4707
4719
4719
4719
4719
4719
4719
4719
4726
4726
4727
4727
4733
4735
4742
4742
4743
4743
373
268
217
587
671
834
780
811
579
231
387
234
135
336
173
971
240
632
370
502
551
195
334
525
67
244
603
905
58
386
373
593
524
72
895
131
471
464
55
923
170
56
889
203
585
737
235
501
977
909
9
801
706
76
90
795
518
252
325
939
307
514
753
952
233
249
142
870
697
525
303
401
332
130
977
164
958
218
190
793
614
899
23
550
952
811
103
266
106
57
607
544
760
373
943
603
166
667
944
671
929
774
771
991
566
654
233
742
948
136
974
451
258
1
125
847
572
80
112
811
1023
15
706
269
451
923
217
195
675
603
929
671
379
632
214
82
785
781
12
295
72
959
55
336
525
834
487
593
258
524
188
895
130
460
170
550
203
780
280
203
358
707
912
23
579
517
943
130
268
615
426
757
131
785
336
409
680
473
974
878
525
756
603
266
525
231
188
888
121
23
258
770
493
235
325
994
525
927
39
244
299
779
867
721
483
377
1010
780
464
671
642
268
645
785
703
710
924
472
560
412
80
215
899
952
479
59
8
1006
559
386
588
718
233
986
899
811
912
834
879
170
411
23
604
689
103
268
716
477
994
977
231
534
679
585
230
355
74
147
662
121
774
907
166
272
855
233
487
725
895
387
927
451
336
295
939
217
140
293
912
295
440
656
272
295
359
572
61
697
373
708
265
231
414
509
832
125
1013
66
23
103
313
525
697
203
903
272
623
479
141
703
952
811
12
414
188
643
373
785
199
203
295
627
203
952
888
1013
727
373
439
757
842
487
632
910
817
174
506
550
267
93
63
387
497
407
592
525
217
390
59
293
495
215
697
849
769
939
760
962
959
685
525
409
683
671
121
777
525
59
1013
781
653
789
256
279
472
180
126
350
464
441
451
142
632
23
290
994
887
140
1001
244
195
834
555
799
952
373
877
801
916
716
708
607
604
487
249
890
959
39
703
131
795
432
312
707
603
56
483
253
757
505
12
254
683
585
525
939
975
677
377
103
170
525
203
947
35
785
811
697
483
583
295
750
125
215
305
268
984
781
577
258
948
757
170
525
7
780
937
231
373
55
280
509
23
815
804
487
1020
834
197
550
327
387
258
428
231
440
140
409
346
89
24
821
217
679
464
683
233
23
720
744
888
195
952
781
423
407
525
939
632
884
499
587
636
432
327
312
550
185
322
677
428
811
56
377
295
130
304
811
847
799
498
690
258
137
44
781
966
479
757
525
188
891
268
451
614
786
103
140
96
977
12
910
353
188
647
174
856
130
683
5
781
525
414
483
912
721
140
884
414
974
764
811
1022
90
12
910
912
488
268
781
525
560
561
373
561
206
912
834
1007
80
667
824
377
811
757
190
295
956
899
136
295
927
999
373
59
785
394
34
777
125
418
974
496
140
811
781
495
811
757
525
377
134
483
628
103
636
803
785
588
661
268
428
48
227
561
977
283
771
439
798
166
320
464
423
538
753
721
12
352
295
126
912
121
994
525
561
934
970
917
844
849
102
56
879
954
198
585
714
769
632
180
369
882
686
642
817
771
312
266
41
811
297
909
249
994
495
520
439
487
952
513
426
525
201
203
923
632
170
97
746
80
888
1019
185
944
56
244
529
757
770
35
588
877
102
947
683
849
573
76
364
230
811
874
560
679
603
879
376
683
217
451
614
356
603
834
693
895
796
359
126
176
952
628
23
834
632
808
54
706
121
1013
402
197
849
170
693
534
312
757
905
373
471
364
703
928
184
603
990
811
671
1016
97
708
587
231
910
561
377
538
913
142
738
180
439
64
201
1006
518
845
888
266
136
487
613
902
166
864
844
994
525
282
12
1007
441
59
472
69
777
37
656
26
427
74
842
451
597
362
912
927
350
657
697
983
707
667
508
847
203
651
939
244
360
663
560
205
999
232
897
82
425
524
55
249
723
854
675
191
829
315
406
454
428
1017
895
455
884
744
179
174
572
400
585
811
233
144
12
785
550
603
942
12
693
907
714
541
607
496
137
631
863
671
592
525
920
426
131
550
12
427
222
667
927
304
785
495
125
83
451
561
934
147
35
39
1020
884
386
760
299
721
525
934
57
667
231
771
750
534
693
952
777
828
39
308
577
544
414
377
72
188
373
603
982
550
1023
939
136
493
336
907
534
414
785
697
264
592
811
170
927
525
231
785
705
142
24
162
141
1018
23
852
834
377
910
155
121
811
1007
1001
603
663
573
333
401
708
895
780
694
300
525
1007
781
834
220
760
757
147
203
790
451
944
619
585
565
494
72
697
952
231
534
764
550
1022
387
56
305
693
90
888
671
140
544
561
373
253
550
465
451
1023
188
471
373
931
131
231
195
286
619
895
632
548
981
884
525
760
679
268
39
550
77
414
483
231
359
606
550
113
217
280
506
30
268
455
174
509
525
464
566
939
39
505
136
231
592
995
889
824
350
866
561
147
623
757
414
377
579
344
748
628
471
661
147
602
632
268
760
1004
496
678
679
525
451
781
923
895
427
927
103
319
545
977
683
22
39
377
439
677
303
781
683
472
561
780
396
603
587
548
573
106
56
460
852
557
525
847
396
661
600
185
195
550
203
231
610
103
667
131
72
373
554
489
952
141
215
962
820
9
74
390
373
592
811
94
455
667
483
166
732
170
550
166
525
96
715
501
121
907
72
632
203
458
471
675
12
451
180
703
4
543
530
653
579
492
272
795
316
760
913
509
952
231
197
187
962
472
846
619
89
80
103
892
252
279
500
694
706
525
534
414
780
173
325
55
909
731
56
312
82
185
170
890
59
915
948
811
994
432
853
720
614
356
112
971
419
757
244
642
131
912
790
689
548
910
188
113
344
573
487
81
46
661
364
176
109
1013
144
25
786
396
394
39
268
842
888
550
592
76
990
671
409
74
269
856
327
23
290
991
663
195
253
561
884
551
454
587
983
355
907
472
90
910
557
671
849
235
217
103
487
121
244
454
585
125
667
80
708
188
811
777
451
879
510
888
549
35
525
280
377
757
952
523
1007
305
785
477
771
268
67
464
89
525
962
325
12
561
410
366
569
312
279
971
370
414
801
243
994
983
962
718
525
112
311
160
811
731
895
55
785
180
487
593
915
757
760
74
977
249
603
80
471
721
632
342
103
518
952
780
104
795
523
921
331
203
23
899
373
844
117
724
689
272
95
1015
587
197
608
742
170
4
786
1010
56
154
12
907
607
505
233
394
706
59
231
517
550
856
131
1019
555
214
737
450
561
241
884
653
738
580
440
451
651
44
325
773
552
781
97
102
427
288
268
377
974
353
885
295
121
858
857
222
628
53
458
618
195
282
439
777
494
106
244
524
126
254
534
1006
671
298
313
496
76
72
909
708
215
912
502
864
834
364
188
1009
714
211
187
944
990
604
387
10
184
136
25
874
624
190
585
116
849
396
939
581
35
806
260
675
283
966
831
262
453
642
820
842
252
265
327
230
928
529
927
125
614
212
1007
1016
716
400
163
975
879
340
501
232
441
223
43
141
369
837
130
13
875
676
991
173
906
183
703
493
409
796
794
764
1004
888
322
688
484
60
242
824
623
455
700
199
220
90
771
151
750
720
263
866
870
749
813
602
999
981
663
49
8
290
810
85
7
853
434
333
986
592
570
404
261
745
646
843
822
350
48
78
82
667
280
402
701
800
889
790
572
636
271
923
470
67
521
970
554
474
982
617
828
382
225
66
535
390
297
751
873
557
464
573
304
249
781
751
355
603
679
574
440
22
279
12
840
628
952
227
1013
622
44
356
373
929
907
561
642
820
715
525
258
550
14
10
820
697
756
231
845
693
387
524
748
331
849
944
811
884
952
931
534
525
587
799
822
909
593
628
706
623
671
530
495
280
525
483
222
111
879
884
96
387
557
525
781
90
253
346
451
233
959
849
888
525
203
546
912
521
944
185
952
771
994
333
852
396
268
78
593
56
795
757
608
966
112
121
235
417
750
907
521
35
140
811
683
327
95
231
13
671
628
697
771
125
909
472
311
994
794
55
420
829
386
487
523
501
402
350
718
195
33
632
203
706
915
643
879
653
12
170
222
923
300
956
720
552
976
82
557
67
441
325
4
414
451
42
3
781
525
1013
399
703
88
46
737
873
617
426
217
910
334
272
370
234
774
1019
113
603
312
373
864
524
80
587
555
731
427
974
180
76
404
491
438
150
550
928
842
952
462
517
979
677
436
279
999
17
944
394
822
971
103
965
291
336
614
505
757
244
555
525
583
626
460
815
952
962
451
577
689
811
541
602
781
887
12
505
944
231
10
266
834
939
233
67
852
113
12
852
451
170
218
1004
373
35
986
147
746
959
268
313
646
234
144
194
525
505
373
215
217
1016
781
603
525
414
203
268
194
1013
305
525
136
322
811
912
824
956
373
335
152
56
952
23
272
607
834
897
487
188
520
118
140
959
785
603
327
411
917
757
39
858
671
525
705
649
534
201
811
404
646
125
280
356
258
561
555
12
879
350
142
203
952
884
451
632
781
535
990
280
977
441
1016
12
895
154
268
396
994
557
278
525
458
525
336
72
811
521
998
377
12
39
866
166
451
824
525
550
390
534
950
721
981
849
312
203
465
944
887
268
888
999
56
525
811
487
870
781
534
977
619
953
103
268
712
231
970
689
233
927
8
810
910
103
386
538
697
671
268
900
268
683
430
781
455
721
373
451
217
619
592
977
663
295
923
12
771
811
364
550
373
677
235
759
17
327
295
888
760
895
43
97
169
970
244
525
74
396
495
451
293
231
784
170
999
55
534
302
689
600
144
487
479
220
632
628
708
952
350
312
977
484
483
909
12
23
811
619
632
952
757
811
679
528
939
799
185
771
231
781
578
106
912
786
12
136
286
561
81
706
560
746
525
203
543
714
934
414
350
966
439
760
747
81
939
217
614
708
440
81
794
2
715
929
557
632
280
514
693
860
538
322
757
769
907
977
56
373
697
721
913
368
849
268
377
934
829
240
657
671
952
780
462
763
495
534
382
912
811
771
439
188
451
1006
524
518
884
233
798
999
166
671
111
530
103
525
377
387
771
289
387
483
230
790
56
231
373
757
653
919
362
103
12
781
628
679
835
477
671
201
89
939
12
231
594
126
121
97
125
300
830
103
432
834
880
671
394
785
8
377
811
697
876
550
131
756
350
313
60
563
799
90
7
527
136
726
757
268
742
215
667
231
268
680
428
505
561
535
451
884
12
994
1023
441
771
166
671
927
279
603
69
928
451
272
487
56
990
327
103
952
195
409
534
661
376
298
394
300
138
387
377
849
293
756
38
131
359
557
271
888
939
121
632
561
651
231
895
479
803
788
703
336
785
525
913
76
137
509
982
854
336
550
919
185
345
592
483
197
293
136
59
373
263
683
592
689
1013
305
525
900
12
387
235
39
359
525
788
55
825
170
99
790
781
121
514
811
1004
663
231
781
268
721
185
910
824
464
588
1023
239
477
43
619
12
521
57
217
550
103
923
463
401
313
59
130
247
834
455
603
451
683
89
623
350
820
785
830
962
811
309
834
231
203
614
55
525
263
639
185
298
671
667
322
808
525
689
444
12
272
166
811
23
373
331
753
43
619
607
231
790
770
518
781
984
724
48
136
550
946
174
132
351
710
131
977
671
268
771
834
824
322
268
317
1004
513
854
525
35
718
141
952
72
377
525
689
327
811
632
90
195
842
0
336
268
1012
512
690
778
279
952
671
427
760
487
929
614
239
377
920
217
103
373
834
882
977
683
748
983
43
334
577
525
623
829
525
733
933
268
33
915
311
971
56
279
910
895
346
952
506
811
653
909
721
420
180
312
807
603
948
849
998
290
602
313
1006
1023
382
446
374
336
731
683
366
795
138
737
125
585
570
934
233
392
781
103
195
170
533
76
888
231
427
525
534
358
319
890
677
401
377
235
542
441
39
632
261
927
364
864
242
141
455
373
708
67
555
856
280
627
97
1013
379
355
854
368
557
780
608
80
1007
493
350
249
720
293
501
414
538
548
400
12
825
1016
244
901
671
785
636
128
254
55
724
728
907
74
661
657
95
587
607
297
939
573
333
470
35
194
550
889
126
771
942
810
555
394
682
781
677
785
231
23
885
451
550
603
451
525
685
785
829
983
233
401
834
494
895
428
377
811
258
639
847
525
377
231
451
94
395
627
603
458
109
298
414
856
493
679
125
190
780
944
336
128
757
781
813
952
185
939
701
90
280
555
811
708
39
830
208
364
667
718
926
439
771
447
518
23
26
895
55
742
307
106
650
218
401
244
952
811
451
231
440
849
895
683
525
550
471
0
757
140
677
632
769
587
163
272
944
180
63
268
72
706
907
771
166
455
269
76
373
103
499
558
402
82
983
671
312
197
487
227
426
973
194
151
525
79
377
721
671
170
610
927
632
525
280
396
377
538
59
656
856
103
8
977
721
939
303
633
528
170
451
152
889
998
771
166
525
293
939
971
140
653
919
414
152
195
311
870
1013
685
636
55
888
322
708
300
838
781
732
550
1019
849
180
915
651
244
471
994
33
632
312
4
785
525
501
103
909
76
548
912
56
1006
899
121
757
493
578
90
708
394
377
815
279
142
381
382
599
176
374
35
451
988
142
650
525
496
863
525
90
268
409
525
973
697
739
566
144
874
215
844
487
1017
623
44
525
705
952
268
628
279
912
209
585
55
121
312
970
994
377
479
453
387
373
603
923
666
422
140
824
757
125
188
604
667
495
203
48
984
518
56
651
500
151
12
327
550
111
781
811
358
863
210
854
295
636
720
587
660
974
849
97
953
856
895
409
561
917
750
288
514
884
714
939
907
928
521
815
39
786
879
796
715
30
231
294
671
473
439
298
464
470
962
406
233
588
23
72
834
689
90
244
708
753
272
35
667
610
54
760
811
203
300
117
603
317
387
390
790
811
895
280
266
423
333
525
734
994
677
781
534
76
268
268
913
272
587
731
144
136
706
966
464
952
632
585
228
188
849
797
939
373
231
811
873
994
633
295
103
286
59
501
907
675
342
195
944
697
785
668
580
790
409
126
934
682
771
912
256
757
737
661
203
534
887
433
824
377
1013
671
858
856
1004
170
357
780
180
166
603
35
263
350
888
125
822
645
525
12
55
981
982
764
185
583
427
249
458
897
923
628
579
842
550
1007
37
455
487
454
396
817
572
394
23
298
513
1018
141
557
496
1017
471
714
151
607
364
909
520
742
280
863
864
253
798
506
962
930
102
472
44
231
359
117
235
55
678
824
400
74
295
432
781
279
43
525
811
923
895
830
944
1004
721
757
998
487
750
560
451
147
103
185
495
373
781
811
939
23
856
561
603
396
12
12
268
693
451
57
268
12
603
39
974
714
59
1023
927
550
534
197
934
632
23
55
493
972
19
757
59
923
451
575
39
81
621
525
350
35
613
833
898
667
658
373
912
377
811
39
525
248
100
798
824
8
410
794
603
113
525
440
525
667
12
43
96
268
334
231
824
718
426
12
877
209
525
373
125
103
824
267
777
158
999
387
707
550
636
170
706
295
404
377
607
895
614
238
387
313
233
185
939
645
820
525
198
305
631
106
588
451
43
781
751
693
632
495
336
849
949
103
188
952
679
944
849
439
534
445
785
387
939
433
894
43
525
504
455
215
387
268
884
12
401
302
757
195
749
313
993
505
440
632
853
180
720
555
414
97
661
235
849
708
297
785
962
803
693
231
780
930
671
931
216
509
851
377
451
55
154
112
373
751
268
822
592
382
487
842
845
771
400
866
23
402
471
370
561
131
381
769
525
939
750
909
130
551
593
557
72
888
184
834
3
717
632
651
313
197
808
708
140
675
103
760
150
811
312
548
671
962
282
785
411
864
249
895
975
151
944
1002
550
661
994
50
55
603
718
842
998
944
174
1013
561
671
550
697
286
121
233
538
138
332
12
999
176
401
879
458
170
671
495
498
121
606
542
234
628
233
981
387
525
939
268
170
592
684
667
12
525
923
373
777
656
821
59
387
233
550
505
986
939
495
781
866
89
304
23
353
683
642
233
43
1000
706
1013
94
628
350
718
849
636
632
336
462
217
377
534
628
530
948
231
268
1018
619
387
603
464
208
849
39
325
757
912
172
671
12
870
1011
396
126
487
912
336
131
927
962
815
959
432
125
97
377
409
185
660
834
268
817
619
12
845
409
470
959
570
427
760
607
162
268
170
166
295
525
880
231
61
377
1001
23
215
708
67
1013
440
230
188
548
90
561
231
525
12
103
811
757
708
94
377
295
592
923
136
206
451
603
663
458
628
603
231
298
952
525
632
878
47
907
825
202
208
76
26
195
683
731
220
587
5
373
706
160
693
103
653
888
370
439
170
871
242
697
757
798
55
121
822
451
748
268
377
382
962
417
197
864
414
781
780
23
811
499
947
763
441
194
12
82
509
334
757
842
909
663
952
811
956
614
154
666
140
888
592
636
97
23
12
423
195
1006
712
80
737
525
708
396
864
25
929
313
675
735
231
495
632
907
552
774
185
931
962
297
653
849
895
188
364
50
147
471
738
884
671
170
141
451
191
757
59
427
525
401
336
895
373
12
6
377
785
170
125
671
887
436
57
280
268
884
548
550
305
266
1007
530
944
667
757
1013
48
201
3
39
464
432
912
939
604
603
451
718
677
23
999
592
707
166
689
430
103
854
897
233
982
834
560
136
152
946
491
439
578
334
805
798
561
90
354
950
981
483
974
67
382
607
1023
465
697
962
760
313
543
479
317
781
350
103
525
561
231
534
59
632
623
41
336
525
899
550
746
203
74
90
170
144
125
849
697
1020
298
231
81
352
988
583
356
934
834
387
231
373
828
824
693
671
439
757
396
525
23
479
952
268
632
451
993
724
538
811
983
679
76
912
180
471
103
907
667
587
233
838
215
441
683
603
439
300
785
249
1023
188
693
203
56
735
414
689
42
356
312
410
852
887
781
898
263
518
811
295
714
188
895
760
39
815
217
182
529
103
373
690
514
254
785
614
554
525
986
454
962
677
162
279
300
830
377
550
460
268
572
706
368
525
404
464
923
227
785
966
824
805
313
268
140
199
753
140
952
666
525
333
231
923
237
534
396
231
318
209
769
325
703
962
97
377
917
479
462
491
811
166
603
632
451
387
13
690
518
12
834
59
863
3
381
525
194
12
414
451
440
525
201
736
994
550
358
59
287
585
959
647
280
56
76
811
495
203
534
304
359
525
130
750
574
451
220
152
217
866
952
970
837
170
418
43
1001
268
790
739
757
899
769
479
373
218
313
958
471
194
517
141
396
21
991
785
781
689
856
525
290
579
808
282
592
610
546
439
683
671
525
974
757
201
10
118
8
427
1002
939
39
23
746
313
495
35
563
852
414
603
131
557
697
322
336
144
1013
466
525
512
210
72
760
387
451
543
939
103
509
505
81
426
614
849
607
550
80
377
170
525
1013
856
929
265
994
279
215
939
359
884
817
506
683
259
473
661
726
895
472
671
959
895
231
910
43
888
884
1012
757
952
1020
667
377
604
603
944
947
753
769
97
121
811
632
628
336
235
614
72
495
822
550
824
451
907
705
485
82
94
738
55
230
295
279
373
487
703
126
439
592
268
496
201
85
683
231
268
671
750
555
144
63
856
534
952
121
999
397
451
785
53
863
142
653
117
561
524
864
743
327
180
195
801
43
159
811
632
759
501
509
895
973
362
377
750
78
499
525
587
706
90
170
458
55
780
221
737
921
552
795
418
121
461
651
952
231
885
1020
95
731
72
390
847
23
56
849
555
781
708
682
426
47
295
12
433
550
197
420
909
842
587
56
510
999
798
690
642
828
286
667
578
215
697
977
57
373
603
181
550
90
354
144
23
785
82
427
121
356
325
12
525
952
550
734
203
106
613
550
388
811
298
185
409
977
619
185
856
760
96
295
231
525
542
387
614
23
592
493
386
233
104
266
1012
334
118
97
636
714
313
330
883
427
577
907
231
642
56
920
525
697
628
550
476
487
770
677
89
170
12
373
293
927
639
217
1000
304
824
500
561
532
583
785
264
439
1007
38
929
401
298
125
144
661
685
279
708
534
764
744
126
689
121
781
811
203
1006
671
646
473
847
607
254
483
268
509
879
962
151
999
460
66
295
973
35
19
140
724
39
723
431
454
17
895
748
187
944
336
41
407
580
721
410
90
657
525
231
188
215
1007
113
811
495
525
671
708
920
525
475
550
387
999
332
295
856
803
195
632
23
814
327
494
295
714
334
842
525
312
653
534
496
410
757
23
952
466
195
811
217
396
231
399
440
373
999
550
203
892
671
689
1023
110
907
333
117
377
140
170
607
472
912
585
796
441
199
561
985
501
656
603
737
12
990
636
128
95
102
808
675
39
479
282
180
390
632
993
136
252
849
150
750
755
374
927
781
731
187
499
46
760
173
394
633
524
664
888
801
715
244
552
837
944
103
436
513
628
97
121
820
1019
771
233
483
593
844
197
721
746
407
56
313
538
895
1007
74
877
978
112
939
551
516
147
207
994
271
928
706
98
122
491
724
290
294
909
185
927
350
623
774
757
986
455
487
781
1007
56
667
756
86
879
550
356
174
373
336
811
651
170
261
298
959
377
895
231
396
870
748
373
952
185
185
12
811
905
765
603
944
496
322
952
671
396
103
373
1016
244
781
423
409
121
550
166
697
188
427
811
451
202
377
623
525
266
206
710
231
803
912
35
185
614
977
386
638
103
635
373
90
579
354
631
268
534
557
479
760
841
554
12
35
203
628
72
313
815
387
781
59
422
697
350
279
67
280
10
423
685
451
48
203
334
895
525
353
667
136
707
464
103
952
387
757
982
572
780
495
