4 47
4 10
5 20
5 96
5 121
5 107
5 80
5 115
5 47
5 33
5 81
5 30
6 20
6 54
6 50
6 81
6 40
7 79
7 67
7 54
7 52
7 89
7 96
7 118
7 51
7 20
7 13
7 75
7 1
7 80
10 100
11 98
13 31
13 43
13 45
13 124
14 81
15 96
15 77
15 17
15 81
15 67
15 70
15 123
15 82
16 47
17 71
20 122
20 67
20 15
20 81
20 94
20 121
20 104
20 82
20 47
20 107
20 115
20 120
20 77
20 9
20 34
20 13
21 67
22 23
22 47
22 67
22 62
22 125
22 45
22 20
22 84
23 111
24 7
24 45
24 54
24 20
24 75
24 13
24 88
24 11
24 22
24 35
24 92
24 67
24 94
24 89
24 123
24 14
24 31
24 98
24 62
24 64
24 81
24 1
24 48
24 122
24 118
24 116
25 67
25 5
25 35
32 3
32 8
33 45
33 34
34 104
34 121
35 20
38 127
38 5
38 111
38 121
39 67
39 79
39 75
39 53
39 106
39 125
39 77
39 82
39 89
39 22
39 73
39 118
39 45
39 5
39 13
39 48
39 127
39 49
39 113
39 111
39 55
39 54
39 114
39 88
39 47
39 107
39 33
39 28
39 6
39 123
39 24
39 92
39 58
39 104
39 81
39 10
39 52
39 50
39 20
39 42
39 15
39 60
39 68
39 126
39 64
39 90
39 61
39 65
39 110
39 115
39 7
39 102
39 43
39 40
39 17
39 18
39 80
39 31
39 23
39 34
39 124
39 116
39 35
39 119
39 38
39 56
39 57
39 98
39 21
39 96
39 66
39 70
39 14
39 25
39 103
39 62
44 17
45 111
45 82
45 81
47 126
47 96
48 111
48 67
48 45
49 45
50 81
51 47
52 67
52 81
52 54
52 123
52 20
52 45
52 94
52 46
53 54
53 102
53 83
53 67
53 116
53 111
53 24
53 96
53 115
53 45
53 84
53 7
53 64
53 4
53 13
53 38
53 20
53 75
53 10
53 89
53 90
53 5
53 105
53 104
53 47
53 60
53 35
53 22
53 81
54 105
54 113
54 81
54 104
54 67
54 13
54 35
54 76
54 47
54 20
54 94
54 50
54 82
54 111
54 60
54 115
54 31
54 96
54 5
54 88
54 90
54 18
54 43
54 107
54 17
55 67
55 78
61 31
62 87
64 126
65 80
65 96
65 111
67 81
67 125
67 101
67 28
67 47
67 111
67 17
67 82
70 83
73 13
73 104
73 10
73 53
73 47
73 24
73 54
73 38
73 21
73 9
73 102
73 77
73 89
73 118
73 90
73 121
73 82
73 81
73 79
73 75
73 7
73 14
73 98
73 15
73 20
73 111
73 106
73 84
73 66
73 22
73 96
73 52
73 122
73 67
73 1
73 94
73 115
73 0
74 20
74 34
74 104
74 96
74 5
75 10
75 82
75 70
75 46
75 5
75 25
75 22
75 13
75 67
75 74
75 40
75 101
75 34
75 57
75 104
75 47
75 45
75 106
75 54
75 33
75 88
75 15
75 52
75 20
75 36
75 9
75 35
75 98
75 81
75 83
76 82
77 60
77 67
77 111
77 122
78 81
79 90
79 20
79 114
79 77
79 81
80 31
80 43
80 42
81 96
81 101
81 69
81 111
84 56
88 21
88 77
88 81
88 67
89 47
89 80
89 54
89 82
89 20
89 66
89 126
89 96
89 48
89 67
89 81
89 14
89 25
90 67
90 126
90 115
90 20
90 66
90 47
90 13
92 67
92 126
92 28
92 82
92 70
94 45
94 61
95 57
102 24
102 88
102 111
102 75
102 113
102 96
102 67
102 54
102 20
102 77
102 90
102 122
102 123
102 84
104 67
104 13
104 0
105 47
106 67
107 85
107 104
107 9
107 65
107 112
107 47
107 82
107 64
107 98
107 28
107 61
108 96
111 68
111 31
115 1
116 67
116 75
116 22
116 14
116 92
116 111
116 96
116 58
116 81
116 54
116 33
118 121
118 67
118 54
118 82
118 31
118 81
118 15
118 6
118 61
118 20
118 122
119 83
119 92
119 125
122 82
125 58
