128
465
0
0
0
0
0
2
12
17
30
30
30
31
32
32
36
37
45
46
47
47
47
63
64
72
73
99
102
102
102
102
102
102
102
104
106
108
109
109
109
113
189
189
189
189
189
190
193
193
195
198
199
200
201
209
238
263
265
265
265
265
265
265
266
267
267
268
271
271
279
279
279
280
280
280
318
323
353
354
358
359
364
367
371
371
371
372
372
372
372
376
389
396
396
401
401
403
404
404
404
404
404
404
404
418
418
421
422
423
434
435
435
435
437
437
437
437
438
449
449
460
463
463
463
464
464
464
465
465
47
10
20
96
121
107
80
115
47
33
81
30
20
54
50
81
40
79
67
54
52
89
96
118
51
20
13
75
1
80
100
98
31
43
45
124
81
96
77
17
81
67
70
123
82
47
71
122
67
15
81
94
121
104
82
47
107
115
120
77
9
34
13
67
23
47
67
62
125
45
20
84
111
7
45
54
20
75
13
88
11
22
35
92
67
94
89
123
14
31
98
62
64
81
1
48
122
118
116
67
5
35
3
8
45
34
104
121
20
127
5
111
121
67
79
75
53
106
125
77
82
89
22
73
118
45
5
13
48
127
49
113
111
55
54
114
88
47
107
33
28
6
123
24
92
58
104
81
10
52
50
20
42
15
60
68
126
64
90
61
65
110
115
7
102
43
40
17
18
80
31
23
34
124
116
35
119
38
56
57
98
21
96
66
70
14
25
103
62
17
111
82
81
126
96
111
67
45
45
81
47
67
81
54
123
20
45
94
46
54
102
83
67
116
111
24
96
115
45
84
7
64
4
13
38
20
75
10
89
90
5
105
104
47
60
35
22
81
105
113
81
104
67
13
35
76
47
20
94
50
82
111
60
115
31
96
5
88
90
18
43
107
17
67
78
31
87
126
80
96
111
81
125
101
28
47
111
17
82
83
13
104
10
53
47
24
54
38
21
9
102
77
89
118
90
121
82
81
79
75
7
14
98
15
20
111
106
84
66
22
96
52
122
67
1
94
115
0
20
34
104
96
5
10
82
70
46
5
25
22
13
67
74
40
101
34
57
104
47
45
106
54
33
88
15
52
20
36
9
35
98
81
83
82
60
67
111
122
81
90
20
114
77
81
31
43
42
96
101
69
111
56
21
77
81
67
47
80
54
82
20
66
126
96
48
67
81
14
25
67
126
115
20
66
47
13
67
126
28
82
70
45
61
57
24
88
111
75
113
96
67
54
20
77
90
122
123
84
67
13
0
47
67
85
104
9
65
112
47
82
64
98
28
61
96
68
31
1
67
75
22
14
92
111
96
58
81
54
33
121
67
54
82
31
81
15
6
61
20
122
83
92
125
82
58
